20 20
0 0 0 41 0 0 25 0 0 0 0 0 0 0 0 0 0 0 67 78 
0 0 0 0 0 0 0 0 49 0 0 0 0 0 0 0 0 0 0 0 
0 0 0 0 0 0 0 0 0 0 0 0 0 0 0 0 0 0 4 0 
0 0 0 0 0 0 0 0 0 0 0 0 0 0 0 0 0 0 0 0 
0 0 0 0 0 50 38 0 0 0 0 0 0 0 0 0 0 0 0 0 
79 0 0 0 0 0 0 0 0 0 0 0 0 0 0 0 0 0 0 0 
0 0 0 0 0 0 0 0 0 0 0 0 0 0 0 0 0 0 0 0 
0 0 0 0 0 0 0 0 0 0 0 0 0 0 0 0 0 0 0 0 
0 0 0 0 0 71 0 0 0 0 0 9 0 0 0 0 76 0 0 0 
0 0 20 0 0 0 0 0 0 0 0 0 0 0 33 0 75 0 94 77 
0 0 0 0 0 0 0 95 98 0 0 0 0 0 47 0 0 16 0 0 
16 12 0 0 0 0 0 0 0 0 0 0 0 0 0 0 0 0 0 0 
0 0 0 0 0 56 0 0 75 87 0 0 0 0 0 3 0 0 0 0 
0 0 81 0 0 0 0 0 0 0 0 40 0 0 23 0 0 0 0 0 
7 27 0 0 0 0 0 0 0 0 0 0 0 0 0 0 0 0 0 0 
0 0 0 19 0 0 0 0 0 0 38 0 0 85 3 55 0 0 0 0 
0 0 0 0 0 0 0 0 0 0 0 0 0 0 0 0 0 14 0 0 
0 0 0 0 0 0 0 0 0 0 0 0 0 0 0 0 0 0 0 0 
0 0 3 0 0 0 0 0 0 0 0 0 0 26 0 0 0 0 0 0 
0 0 0 40 0 0 0 0 0 0 0 7 0 0 0 0 0 0 0 0 
