150 500
99 101
91 52
122 49
75 140
129 150
107 122
17 132
100 143
117 37
11 90
124 52
26 134
150 61
76 17
63 126
135 35
133 49
115 106
64 50
149 13
26 31
1 122
134 123
114 129
16 127
134 23
100 76
131 41
31 76
6 146
135 106
44 65
35 138
136 85
116 100
38 140
36 90
116 15
6 133
2 142
82 8
47 118
130 31
15 134
101 12
136 70
56 80
47 142
31 55
60 51
135 90
108 124
107 150
119 62
90 140
82 43
83 117
112 32
66 117
38 118
27 95
136 63
147 132
20 139
55 10
145 65
71 89
94 83
133 24
62 80
60 64
11 27
23 132
65 30
51 62
111 131
131 26
40 96
115 86
41 127
14 24
38 108
126 146
138 114
77 49
114 68
109 19
68 120
22 126
17 139
6 119
86 92
114 57
5 96
124 81
1 141
22 99
43 13
19 35
7 89
46 52
101 15
51 145
78 23
137 28
36 96
64 147
67 130
140 14
92 51
104 118
93 23
112 81
56 77
6 53
89 77
2 24
57 30
146 32
50 137
108 21
105 120
56 53
56 16
85 41
120 87
104 142
60 87
41 120
35 76
108 149
107 11
97 95
10 33
33 70
119 28
20 34
142 25
15 95
100 98
15 115
68 83
61 50
95 134
149 99
61 35
59 78
15 100
52 92
9 121
86 124
118 107
27 82
124 40
30 94
66 115
92 40
20 111
109 145
71 58
41 149
131 81
85 23
51 66
102 96
18 50
9 44
101 36
118 98
126 96
101 83
73 5
49 16
120 10
101 133
148 28
8 120
145 118
35 97
70 43
98 143
57 15
103 10
142 57
141 45
96 104
104 13
121 83
44 66
96 130
53 74
62 123
21 17
16 69
99 92
50 131
109 116
27 43
138 28
80 103
26 64
2 57
65 54
85 137
116 55
70 11
96 62
143 30
103 134
77 144
67 49
124 91
89 66
116 67
5 69
147 45
108 75
54 51
122 30
7 111
65 99
74 28
21 73
142 15
82 69
138 5
115 123
97 49
127 38
145 141
90 138
112 17
131 2
29 23
35 147
88 77
141 87
78 103
52 12
49 93
37 14
82 99
28 10
73 137
11 32
138 13
22 78
25 110
39 49
89 54
145 59
56 29
66 72
136 12
13 94
17 40
6 25
63 65
4 118
27 52
17 23
61 135
142 45
139 8
34 114
82 87
146 72
62 52
141 136
33 43
77 33
77 117
139 24
68 91
26 139
60 103
112 12
30 52
3 23
9 125
66 113
58 123
105 115
74 148
25 39
8 149
2 30
66 14
70 142
15 6
92 50
28 35
92 74
135 121
67 91
98 63
119 3
149 32
87 8
73 60
79 142
95 138
44 24
113 14
106 8
66 9
99 127
57 32
11 129
81 75
126 36
7 99
37 119
143 105
14 28
61 117
86 7
25 88
55 3
116 140
117 123
94 70
145 82
102 73
71 79
135 95
38 138
98 35
94 116
141 23
3 79
20 48
106 63
45 25
6 77
33 36
36 85
26 101
69 10
21 12
8 65
40 148
10 146
139 68
42 94
42 58
64 141
8 84
56 41
71 78
45 66
88 101
1 129
1 55
12 56
52 72
97 141
103 38
57 112
128 54
8 13
41 141
1 29
102 10
64 95
145 94
106 27
140 110
22 80
137 95
135 133
96 118
114 51
8 7
148 138
45 145
52 50
1 127
126 127
122 77
135 54
146 88
13 2
33 1
41 58
145 71
146 76
148 8
110 134
26 112
78 136
59 61
54 100
61 58
57 118
60 140
84 55
135 27
47 58
7 58
146 112
38 88
10 1
79 11
121 91
5 106
115 59
124 148
25 82
50 86
150 135
141 18
118 20
140 55
74 114
17 16
109 30
26 107
43 30
52 101
91 80
125 32
119 27
86 119
118 112
37 92
44 115
66 40
11 31
108 125
90 12
135 104
73 141
26 135
125 149
14 25
16 18
131 64
95 44
99 87
123 76
102 105
22 1
50 38
64 21
2 22
119 97
110 34
132 148
30 108
73 12
4 97
134 50
70 143
130 85
94 128
142 97
136 9
109 51
134 118
34 135
77 25
80 15
93 106
44 32
35 46
116 117
21 51
106 80
98 27
7 119
114 85
114 94
30 102
39 91
120 14
37 60
147 41
72 149
93 11
31 126
111 133
124 54
140 2
116 74
4 12
119 17
85 55
36 49
73 110
54 21
53 148
134 48
130 48
139 14
60 128
147 71
101 79
55 25
104 101
